6
3
8 9 7
5
5 6 8 4 3
4
8 9 7 6
3
8 9 7
5
3 4 5 9 8
100
5338 5812 3464 715 8429 9010 8800 6176 1759 8594 5232 794 9142 3082 120 212 7937 7495 2896 6005 776 606 4526 1885 7869 2937 881 4433 2679 9404 1385 3582 1652 479 6105 7041 1027 5882 3228 1188 5199 1183 60 3347 2568 9769 188 3485 6745 8497 229 3578 671 7468 7612 7412 2719 7427 6426 8976 1611 1462 7327 335 7721 3976 7782 355 8502 6007 3453 3618 2145 864 5415 3194 4004 3299 1998 6310 7972 8422 4854 4500 1419 7236 1138 4856 9980 7974 844 5257 4993 8834 8193 8165 8355 8381 9677 1456